auc	precision	recall	fscore_pos	fscore_tot
0.982222222222	1.0	0.6	0.75	0.865
0.73	0.6	0.3	0.4	0.645
0.958333333333	0.5	1.0	0.67	0.825
0.823920265781	0.75	0.43	0.55	0.745
0.893617021277	1.0	0.67	0.8	0.895
0.83630952381	0.75	0.38	0.5	0.715
0.961956521739	0.4	0.5	0.44	0.695
0.968888888889	0.5	0.2	0.29	0.62
0.951086956522	0.67	0.5	0.57	0.77
0.883468834688	0.83	0.56	0.67	0.805
0.988636363636	1.0	0.83	0.91	0.95
0.941724941725	0.8	0.36	0.5	0.7
0.951111111111	0.5	0.4	0.44	0.695
0.799242424242	1.0	0.33	0.5	0.73
0.856368563686	1.0	0.56	0.71	0.83
0.988095238095	1.0	0.75	0.86	0.92
0.996212121212	1.0	0.83	0.91	0.95
0.955555555556	0.75	0.6	0.67	0.82
0.906976744186	0.6	0.43	0.5	0.715
0.945175438596	0.88	0.58	0.7	0.815
0.962121212121	0.75	0.5	0.6	0.78
0.803571428571	0.71	0.62	0.67	0.805
0.909090909091	0.67	0.33	0.44	0.695
0.973484848485	1.0	0.5	0.67	0.82
0.857142857143	0.67	0.5	0.57	0.75
0.966777408638	0.83	0.71	0.77	0.87
0.958333333333	0.75	0.5	0.6	0.78
0.923588039867	0.67	0.57	0.62	0.78
0.915555555556	0.4	0.4	0.4	0.665
0.92803030303	0.43	0.5	0.46	0.69
0.755434782609	0.33	0.25	0.29	0.62
0.934959349593	0.83	0.56	0.67	0.805
0.825757575758	0.6	0.5	0.55	0.745
0.975609756098	1.0	0.89	0.94	0.965
0.950354609929	0.5	0.67	0.57	0.77
0.739130434783	0.5	0.25	0.33	0.645
0.943452380952	1.0	0.5	0.67	0.81
0.951086956522	0.67	0.5	0.57	0.77
0.977777777778	0.75	0.6	0.67	0.82
0.950354609929	0.5	0.33	0.4	0.685
0.883720930233	0.5	0.29	0.36	0.64
0.768888888889	1.0	0.2	0.33	0.645
0.78073089701	0.5	0.43	0.46	0.69
0.946843853821	1.0	0.43	0.6	0.78
0.985119047619	1.0	0.75	0.86	0.92
0.989130434783	0.67	0.5	0.57	0.77
0.83	0.33	0.2	0.25	0.555
0.8625	0.83	0.5	0.62	0.775
0.973333333333	0.5	0.4	0.44	0.695
0.950354609929	0.4	0.67	0.5	0.73
0.948509485095	1.0	0.44	0.62	0.78
0.946386946387	0.83	0.45	0.59	0.755
0.872023809524	1.0	0.38	0.55	0.745
0.784053156146	1.0	0.57	0.73	0.85
0.990033222591	1.0	0.43	0.6	0.78
0.958333333333	0.8	0.5	0.62	0.78
0.940199335548	0.57	0.57	0.57	0.75
0.861788617886	0.78	0.78	0.78	0.865
0.940217391304	0.75	0.75	0.75	0.865
1.0	1.0	0.78	0.88	0.93
0.950166112957	0.8	0.57	0.67	0.81
0.768888888889	1.0	0.4	0.57	0.77
0.961956521739	0.5	0.5	0.5	0.73
1.0	1.0	0.62	0.77	0.87
0.940199335548	0.67	0.29	0.4	0.665
0.95652173913	0.4	0.5	0.44	0.695
1.0	1.0	0.67	0.8	0.895
0.986666666667	0.75	0.6	0.67	0.82
0.980066445183	1.0	0.57	0.73	0.85
0.906666666667	0.33	0.4	0.36	0.64
0.869565217391	0.2	0.25	0.22	0.57
0.840531561462	0.75	0.43	0.55	0.745
0.879432624113	0.0	0.0	0.0	0.475
0.893617021277	0.33	0.33	0.33	0.645
0.695035460993	1.0	0.33	0.5	0.74
0.973214285714	0.8	0.5	0.62	0.78
0.962121212121	0.62	0.83	0.71	0.83
0.982142857143	0.86	0.75	0.8	0.88
0.965909090909	0.57	0.67	0.62	0.78
0.929347826087	0.5	0.75	0.6	0.78
0.946843853821	0.71	0.71	0.71	0.83
0.95652173913	0.67	0.5	0.57	0.77
0.993355481728	1.0	0.71	0.83	0.905
0.97619047619	0.8	0.5	0.62	0.78
0.826666666667	0.75	0.6	0.67	0.82
0.942222222222	0.5	0.6	0.55	0.745
0.964444444444	0.8	0.8	0.8	0.89
0.9575	1.0	0.3	0.46	0.69
0.989130434783	1.0	0.5	0.67	0.825
0.989130434783	1.0	0.75	0.86	0.925
0.936170212766	0.0	0.0	0.0	0.47
0.843853820598	0.71	0.71	0.71	0.83
0.955710955711	1.0	0.18	0.31	0.605
0.803571428571	0.83	0.62	0.71	0.83
0.940199335548	0.71	0.71	0.71	0.83
0.952380952381	0.8	0.5	0.62	0.78
1.0	1.0	0.75	0.86	0.925
0.973333333333	0.75	0.6	0.67	0.82
0.869047619048	0.75	0.38	0.5	0.715
0.91847826087	0.5	0.25	0.33	0.645
0.977272727273	1.0	0.67	0.8	0.89
1.0	1.0	1.0	1.0	1.0
1.0	1.0	1.0	1.0	1.0
0.980066445183	0.75	0.86	0.8	0.88
0.826666666667	0.5	0.2	0.29	0.62
0.936877076412	0.43	0.43	0.43	0.67
0.923913043478	0.4	0.5	0.44	0.695
0.794019933555	1.0	0.29	0.44	0.695
0.952380952381	1.0	0.5	0.67	0.81
0.801418439716	0.2	0.33	0.25	0.59
0.983388704319	0.8	0.57	0.67	0.81
0.994565217391	0.75	0.75	0.75	0.865
0.967261904762	0.71	0.62	0.67	0.805
0.9625	0.8	0.4	0.53	0.725
0.861788617886	1.0	0.44	0.62	0.78
1.0	1.0	0.67	0.8	0.895
0.843853820598	1.0	0.57	0.73	0.85
0.880398671096	0.5	0.57	0.53	0.725
0.888888888889	0.6	0.33	0.43	0.67
0.988095238095	1.0	0.75	0.86	0.92
0.955357142857	1.0	0.38	0.55	0.745
0.9725	1.0	0.7	0.82	0.89
0.971631205674	1.0	0.67	0.8	0.895
0.915	0.62	0.5	0.56	0.73
0.893333333333	0.67	0.4	0.5	0.73
0.934523809524	0.62	0.62	0.62	0.775
0.864130434783	0.33	0.25	0.29	0.62
0.695035460993	0.67	0.67	0.67	0.825
0.992424242424	1.0	0.83	0.91	0.95
0.984848484848	0.75	0.5	0.6	0.78
0.775510204082	0.0	0.0	0.0	0.485
0.967365967366	1.0	0.45	0.62	0.775
0.955555555556	1.0	0.2	0.33	0.645
0.924444444444	0.67	0.4	0.5	0.73
0.933554817276	1.0	0.29	0.44	0.695
0.89701897019	0.56	0.56	0.56	0.73
0.940217391304	0.75	0.75	0.75	0.865
0.989130434783	1.0	0.25	0.4	0.685
0.943262411348	1.0	0.67	0.8	0.895
0.87	1.0	0.4	0.57	0.75
0.760869565217	0.67	0.5	0.57	0.77
0.970893970894	1.0	0.62	0.76	0.85
0.97342192691	1.0	0.43	0.6	0.78
0.978260869565	1.0	0.5	0.67	0.825
0.836956521739	0.33	0.5	0.4	0.665
0.951111111111	0.5	0.6	0.55	0.745
0.90625	0.2	0.5	0.29	0.62
0.9575	0.88	0.7	0.78	0.865
0.900709219858	0.25	0.33	0.29	0.62
0.864583333333	0.0	0.0	0.0	0.485
0.913043478261	0.5	0.25	0.33	0.645
0.835555555556	0.67	0.8	0.73	0.85
0.916666666667	0.0	0.0	0.0	0.48
0.940217391304	0.67	0.5	0.57	0.77
0.986666666667	0.75	0.6	0.67	0.82
0.946843853821	0.62	0.71	0.67	0.805
0.928888888889	0.67	0.4	0.5	0.73
0.9775	1.0	0.4	0.57	0.75
0.945799457995	0.67	0.22	0.33	0.62
0.97	0.86	0.6	0.71	0.825
0.760869565217	1.0	0.25	0.4	0.685
0.893333333333	0.33	0.2	0.25	0.59
0.982222222222	0.5	0.2	0.29	0.62
0.875338753388	0.5	0.33	0.4	0.645
0.833333333333	0.0	0.0	0.0	0.485
0.916666666667	0.75	0.38	0.5	0.715
0.951111111111	0.6	0.6	0.6	0.78
0.955357142857	0.71	0.62	0.67	0.805
0.869047619048	0.8	0.5	0.62	0.78
0.920454545455	1.0	0.5	0.67	0.82
0.966777408638	0.8	0.57	0.67	0.81
0.945	0.67	0.6	0.63	0.77
0.9675	0.75	0.6	0.67	0.8
0.96	0.75	0.6	0.67	0.82
0.991869918699	0.89	0.89	0.89	0.935
0.929539295393	0.83	0.56	0.67	0.805
0.936877076412	0.67	0.29	0.4	0.665
0.989130434783	0.75	0.75	0.75	0.865
0.9675	0.83	0.5	0.62	0.775
0.982222222222	0.75	0.6	0.67	0.82
0.984848484848	1.0	0.67	0.8	0.89
0.977777777778	0.6	0.6	0.6	0.78
0.950166112957	1.0	0.43	0.6	0.78
0.993355481728	1.0	0.71	0.83	0.905
0.916943521595	0.67	0.29	0.4	0.665
0.904761904762	0.67	0.5	0.57	0.75
0.78125	0.0	0.0	0.0	0.49
0.950354609929	0.33	0.33	0.33	0.645
0.926910299003	0.8	0.57	0.67	0.81
0.860119047619	0.8	0.5	0.62	0.78
0.970099667774	1.0	0.29	0.44	0.695
0.946666666667	0.5	0.6	0.55	0.745
0.960132890365	1.0	0.57	0.73	0.85
0.964539007092	1.0	0.33	0.5	0.74
0.951111111111	1.0	0.4	0.57	0.77
0.949404761905	0.71	0.62	0.67	0.805
0.955710955711	1.0	0.55	0.71	0.825
1.0	1.0	0.5	0.67	0.83
0.977777777778	0.67	0.4	0.5	0.73
0.996212121212	1.0	0.5	0.67	0.82
1.0	0.4	1.0	0.57	0.77
0.863636363636	0.33	0.17	0.22	0.57
0.945	0.71	0.5	0.59	0.755
0.949404761905	0.8	0.5	0.62	0.78
0.920265780731	0.6	0.43	0.5	0.715
0.970099667774	0.8	0.57	0.67	0.81
0.967479674797	1.0	0.44	0.62	0.78
0.839285714286	1.0	0.25	0.4	0.665
0.45652173913	0.33	0.25	0.29	0.62
0.951086956522	0.75	0.75	0.75	0.865
0.982222222222	0.5	0.2	0.29	0.62
0.957446808511	0.5	0.33	0.4	0.685
0.961956521739	0.67	0.5	0.57	0.77
0.915555555556	0.5	0.2	0.29	0.62
0.827242524917	0.5	0.29	0.36	0.64
0.986449864499	1.0	0.33	0.5	0.715
0.902173913043	0.5	0.75	0.6	0.78
0.695652173913	0.25	0.25	0.25	0.59
0.872023809524	0.4	0.25	0.31	0.605
0.984848484848	0.8	0.67	0.73	0.85
0.92	0.33	0.6	0.43	0.67
0.950757575758	1.0	0.5	0.67	0.82
0.949404761905	0.6	0.38	0.46	0.69
0.901515151515	0.67	0.33	0.44	0.695
0.770764119601	1.0	0.57	0.73	0.85
0.951219512195	0.71	0.56	0.63	0.78
0.934523809524	0.6	0.38	0.46	0.69
0.774086378738	0.57	0.57	0.57	0.75
0.773333333333	0.5	0.4	0.44	0.695
0.86524822695	0.0	0.0	0.0	0.48
0.923913043478	0.5	0.5	0.5	0.73
0.970099667774	0.67	0.57	0.62	0.78
0.885869565217	0.33	0.25	0.29	0.62
0.962059620596	0.86	0.67	0.75	0.85
0.837209302326	0.25	0.14	0.18	0.54
0.940789473684	0.8	0.33	0.47	0.68
0.895	0.5	0.5	0.5	0.69
0.9125	1.0	0.4	0.57	0.75
0.679347826087	0.67	0.5	0.57	0.77
0.977777777778	1.0	0.4	0.57	0.77
0.815476190476	0.5	0.25	0.33	0.62
0.982222222222	0.67	0.4	0.5	0.73
0.933333333333	0.67	0.4	0.5	0.73
0.957446808511	0.0	0.0	0.0	0.48
0.951111111111	0.75	0.6	0.67	0.82
0.864130434783	0.5	0.25	0.33	0.645
0.900332225914	0.43	0.43	0.43	0.67
0.92	0.5	0.2	0.29	0.62
0.962121212121	0.8	0.67	0.73	0.85
0.967479674797	0.75	0.33	0.46	0.69
0.990675990676	1.0	0.64	0.78	0.865
0.924119241192	0.57	0.44	0.5	0.7
0.86524822695	0.0	0.0	0.0	0.48
0.897777777778	0.5	0.4	0.44	0.695
0.972899728997	0.71	0.56	0.63	0.78
0.950757575758	0.6	0.5	0.55	0.745
0.984848484848	0.75	0.5	0.6	0.78
0.989583333333	0.67	1.0	0.8	0.895
0.892773892774	0.67	0.18	0.29	0.585
0.860119047619	0.5	0.25	0.33	0.62
0.861842105263	0.64	0.58	0.61	0.745
0.913621262458	0.75	0.43	0.55	0.745
0.936877076412	0.75	0.43	0.55	0.745
0.959183673469	0.0	0.0	0.0	0.485
0.928571428571	0.71	0.62	0.67	0.805
0.962121212121	0.67	0.33	0.44	0.695
0.996677740864	1.0	0.43	0.6	0.78
0.909090909091	0.75	0.5	0.6	0.78
0.897777777778	0.67	0.4	0.5	0.73
0.937777777778	0.25	0.2	0.22	0.57
0.934782608696	0.29	0.5	0.36	0.64
0.59375	0.5	0.5	0.5	0.74
0.994047619048	1.0	0.62	0.77	0.87
0.931547619048	0.67	0.75	0.71	0.825
0.947916666667	0.33	0.5	0.4	0.685
0.977777777778	0.67	0.8	0.73	0.85
0.994565217391	1.0	0.75	0.86	0.925
0.888888888889	0.75	0.6	0.67	0.82
0.925	1.0	0.3	0.46	0.69
0.936877076412	1.0	0.57	0.73	0.85
0.854166666667	0.83	0.62	0.71	0.83
0.955555555556	0.67	0.8	0.73	0.85
0.920265780731	0.5	0.29	0.36	0.64
0.967479674797	0.75	0.67	0.71	0.825
0.958333333333	0.57	0.67	0.62	0.78
0.971631205674	0.67	0.67	0.67	0.825
0.900332225914	0.5	0.29	0.36	0.64
0.978723404255	0.6	1.0	0.75	0.865
0.976744186047	0.75	0.86	0.8	0.88
0.92	0.0	0.0	0.0	0.47
0.731707317073	0.57	0.44	0.5	0.7
1.0	1.0	0.71	0.83	0.905
0.94696969697	0.67	0.67	0.67	0.81
0.943262411348	0.5	0.67	0.57	0.77
0.968888888889	0.6	0.6	0.6	0.78
0.970099667774	0.83	0.71	0.77	0.87
0.961956521739	0.33	0.25	0.29	0.62
0.920454545455	1.0	0.17	0.29	0.62
0.978260869565	0.75	0.75	0.75	0.865
0.945799457995	0.75	0.67	0.71	0.825
0.809523809524	1.0	0.12	0.22	0.57
0.833333333333	0.5	0.5	0.5	0.74
0.845528455285	1.0	0.33	0.5	0.715
0.935606060606	0.57	0.67	0.62	0.78
0.916666666667	0.5	0.33	0.4	0.665
0.847176079734	1.0	0.57	0.73	0.85
0.834688346883	0.83	0.56	0.67	0.805
0.996677740864	0.0	0.0	0.0	0.46
0.93023255814	0.5	0.43	0.46	0.69
0.979166666667	0.5	0.5	0.5	0.74
0.962059620596	0.83	0.56	0.67	0.805
0.928888888889	0.33	0.2	0.25	0.59
0.959183673469	0.0	0.0	0.0	0.495
0.9375	1.0	0.5	0.67	0.83
0.845528455285	0.67	0.44	0.53	0.725
0.969696969697	0.67	0.67	0.67	0.81
0.940199335548	0.57	0.57	0.57	0.75
0.939393939394	0.75	0.5	0.6	0.78
0.935606060606	0.75	0.5	0.6	0.78
0.879432624113	0.5	0.33	0.4	0.685
0.87707641196	0.83	0.71	0.77	0.87
0.967261904762	0.8	0.5	0.62	0.78
0.97619047619	1.0	0.75	0.86	0.92
0.914893617021	0.0	0.0	0.0	0.47
0.942222222222	0.75	0.6	0.67	0.82
0.971631205674	0.33	0.33	0.33	0.645
nan	0.0	0.0	0.0	0.485
0.984848484848	0.0	0.0	0.0	0.47
0.9075	0.62	0.5	0.56	0.73
1.0	0.75	1.0	0.86	0.925
0.934523809524	0.6	0.38	0.46	0.69
0.8475	0.8	0.4	0.53	0.725
0.914893617021	0.5	0.33	0.4	0.685
0.935606060606	0.6	0.5	0.55	0.745
0.969696969697	0.8	0.73	0.76	0.85
0.86524822695	0.0	0.0	0.0	0.475
0.92	1.0	0.4	0.57	0.77
0.958333333333	0.67	0.25	0.36	0.64
0.995555555556	0.8	0.8	0.8	0.89
0.969696969697	0.78	0.64	0.7	0.81
0.847176079734	0.75	0.43	0.55	0.745
0.965034965035	0.83	0.45	0.59	0.755
0.964444444444	1.0	0.4	0.57	0.77
0.968888888889	0.75	0.6	0.67	0.82
0.992424242424	1.0	0.67	0.8	0.89
0.955555555556	0.67	0.4	0.5	0.73
0.945799457995	0.8	0.44	0.57	0.75
0.943521594684	0.75	0.86	0.8	0.88
0.896739130435	0.25	0.25	0.25	0.59
0.924242424242	0.5	0.5	0.5	0.715
0.857142857143	0.8	0.57	0.67	0.81
0.973333333333	0.67	0.4	0.5	0.73
0.770764119601	0.17	0.14	0.15	0.51
0.920265780731	0.8	0.57	0.67	0.81
0.909090909091	1.0	0.5	0.67	0.82
0.980066445183	1.0	0.57	0.73	0.85
0.794019933555	0.67	0.57	0.62	0.78
0.888888888889	1.0	0.44	0.62	0.78
0.969696969697	1.0	0.33	0.5	0.73
0.808888888889	1.0	0.6	0.75	0.865
1.0	1.0	0.5	0.67	0.825
0.968888888889	1.0	0.2	0.33	0.645
0.989159891599	1.0	0.67	0.8	0.88
0.973214285714	1.0	0.38	0.55	0.745
0.977272727273	0.67	0.67	0.67	0.81
0.813953488372	0.67	0.29	0.4	0.665
0.76	0.43	0.6	0.5	0.715
1.0	1.0	0.5	0.67	0.825
0.711956521739	0.67	0.5	0.57	0.77
0.978260869565	1.0	0.5	0.67	0.825
1.0	1.0	0.67	0.8	0.89
0.895833333333	0.5	0.5	0.5	0.74
0.875	0.0	0.0	0.0	0.485
0.798913043478	0.67	0.5	0.57	0.77
0.95652173913	0.4	0.5	0.44	0.695
0.887043189369	0.6	0.43	0.5	0.715
0.956810631229	0.6	0.43	0.5	0.715
0.958333333333	0.83	0.83	0.83	0.905
0.933554817276	1.0	0.43	0.6	0.78
0.895833333333	0.0	0.0	0.0	0.49
0.946843853821	1.0	0.43	0.6	0.78
0.968888888889	0.57	0.8	0.67	0.81
0.850948509485	0.71	0.56	0.63	0.78
0.92803030303	0.5	0.17	0.25	0.59
0.962121212121	0.67	0.67	0.67	0.81
0.946428571429	0.67	0.5	0.57	0.75
0.989130434783	0.8	1.0	0.89	0.94
0.964444444444	0.67	0.4	0.5	0.73
0.985815602837	0.75	1.0	0.86	0.925
0.9675	0.88	0.7	0.78	0.865
0.891304347826	1.0	0.25	0.4	0.685
0.840531561462	1.0	0.29	0.44	0.695
0.953929539295	0.6	0.33	0.43	0.67
0.746212121212	0.5	0.33	0.4	0.665
0.817777777778	0.0	0.0	0.0	0.475
0.948509485095	0.5	0.11	0.18	0.54
0.9825	1.0	0.6	0.75	0.85
0.863787375415	1.0	0.71	0.83	0.905
0.878048780488	0.75	0.33	0.46	0.69
0.755555555556	0.5	0.4	0.44	0.695
0.921409214092	0.8	0.44	0.57	0.75
0.800595238095	0.57	0.5	0.53	0.725
0.961956521739	0.33	0.25	0.29	0.62
0.764880952381	1.0	0.25	0.4	0.665
0.970189701897	1.0	0.33	0.5	0.715
0.764444444444	0.67	0.4	0.5	0.73
0.973333333333	0.6	0.6	0.6	0.78
0.946843853821	1.0	0.43	0.6	0.78
0.993355481728	1.0	0.71	0.83	0.905
0.837398373984	0.56	0.56	0.56	0.73
0.934523809524	0.25	0.12	0.17	0.53
0.921985815603	0.5	0.67	0.57	0.77
0.985815602837	1.0	0.33	0.5	0.74
0.940379403794	0.67	0.44	0.53	0.725
0.977777777778	0.75	0.6	0.67	0.82
0.953488372093	1.0	0.57	0.73	0.85
0.977777777778	0.5	0.2	0.29	0.62
0.969696969697	1.0	0.5	0.67	0.82
0.988636363636	1.0	0.83	0.91	0.95
0.951086956522	0.0	0.0	0.0	0.475
0.840108401084	1.0	0.44	0.62	0.78
0.955555555556	0.0	0.0	0.0	0.475
0.962121212121	1.0	0.17	0.29	0.62
0.924242424242	0.75	0.5	0.6	0.78
0.924242424242	0.0	0.0	0.0	0.455
0.92803030303	0.4	0.33	0.36	0.64
0.984848484848	1.0	0.83	0.91	0.95
0.761904761905	0.33	0.25	0.29	0.585
0.964539007092	0.67	0.67	0.67	0.825
0.94696969697	0.5	0.33	0.4	0.665
0.853820598007	0.83	0.71	0.77	0.87
0.915	0.62	0.5	0.56	0.73
0.994565217391	1.0	0.75	0.86	0.925
0.973484848485	1.0	0.33	0.5	0.73
0.979166666667	0.5	0.5	0.5	0.74
0.966777408638	0.67	0.29	0.4	0.665
0.985119047619	0.83	0.62	0.71	0.83
0.955357142857	0.67	0.25	0.36	0.64
0.8073089701	1.0	0.14	0.25	0.59
0.813953488372	1.0	0.29	0.44	0.695
0.837209302326	1.0	0.57	0.73	0.85
0.860465116279	0.75	0.43	0.55	0.745
0.983695652174	0.67	0.5	0.57	0.77
0.919642857143	0.67	0.5	0.57	0.75
0.859078590786	1.0	0.44	0.62	0.78
0.920454545455	0.5	0.33	0.4	0.665
0.905149051491	1.0	0.33	0.5	0.715
0.869047619048	0.8	0.5	0.62	0.78
0.924444444444	0.5	0.6	0.55	0.745
0.970238095238	0.86	0.75	0.8	0.88
0.839285714286	0.29	0.25	0.27	0.57
0.842261904762	0.67	0.25	0.36	0.64
0.951086956522	0.5	0.25	0.33	0.645
0.91847826087	0.5	0.25	0.33	0.645
0.92	0.8	0.8	0.8	0.89
0.848888888889	0.0	0.0	0.0	0.47
0.940199335548	0.5	0.29	0.36	0.64
0.950757575758	0.75	0.5	0.6	0.78
0.891598915989	0.5	0.33	0.4	0.645
0.921409214092	1.0	0.44	0.62	0.78
0.916666666667	1.0	0.17	0.29	0.62
1.0	1.0	0.25	0.4	0.685
0.958333333333	1.0	0.38	0.55	0.745
0.960132890365	1.0	0.71	0.83	0.905
0.995	1.0	0.7	0.82	0.89
0.737588652482	0.5	0.33	0.4	0.685
0.972899728997	0.83	0.56	0.67	0.805
0.976744186047	0.67	0.86	0.75	0.85
0.96	0.0	0.0	0.0	0.475
0.943181818182	0.75	0.5	0.6	0.78
0.956810631229	0.75	0.43	0.55	0.745
0.957446808511	0.0	0.0	0.0	0.48
0.978260869565	1.0	0.25	0.4	0.685
0.840909090909	0.0	0.0	0.0	0.47
0.990033222591	0.86	0.86	0.86	0.92
0.968888888889	0.8	0.8	0.8	0.89
0.933333333333	0.5	0.4	0.44	0.695
0.989159891599	1.0	0.67	0.8	0.88
0.921409214092	0.62	0.56	0.59	0.755
0.9375	0.89	0.8	0.84	0.9
0.967391304348	1.0	0.5	0.67	0.825
0.962121212121	0.62	0.83	0.71	0.83
0.955357142857	0.64	0.88	0.74	0.84
0.967391304348	1.0	0.5	0.67	0.825
0.833333333333	0.0	0.0	0.0	0.48
0.971631205674	1.0	0.67	0.8	0.895
0.913043478261	0.33	0.25	0.29	0.62
0.922619047619	0.75	0.38	0.5	0.715
0.972826086957	0.67	0.5	0.57	0.77
0.878048780488	1.0	0.33	0.5	0.715
0.843971631206	0.0	0.0	0.0	0.475
1.0	1.0	0.5	0.67	0.825
0.940379403794	0.67	0.44	0.53	0.725
0.949404761905	0.88	0.88	0.88	0.93
1.0	1.0	0.8	0.89	0.935
0.929347826087	0.33	0.25	0.29	0.62
0.953488372093	1.0	0.29	0.44	0.695
0.978723404255	1.0	0.33	0.5	0.74
0.940217391304	1.0	0.25	0.4	0.685
0.833333333333	0.83	0.62	0.71	0.83
0.905303030303	0.5	0.5	0.5	0.715
0.97668997669	0.86	0.55	0.67	0.8
0.965909090909	0.75	0.5	0.6	0.78
0.964444444444	0.67	0.4	0.5	0.73
0.902222222222	0.25	0.2	0.22	0.57
0.986666666667	1.0	0.6	0.75	0.865
0.989130434783	1.0	0.5	0.67	0.825
0.961956521739	0.5	0.5	0.5	0.73
0.797342192691	1.0	0.43	0.6	0.78
0.863787375415	0.6	0.43	0.5	0.715
0.978260869565	0.67	0.5	0.57	0.77
0.853146853147	1.0	0.36	0.53	0.725
0.89972899729	1.0	0.67	0.8	0.88
0.614130434783	0.0	0.0	0.0	0.48
0.842818428184	0.5	0.44	0.47	0.68
0.818452380952	0.67	0.5	0.57	0.75
0.817275747508	0.75	0.43	0.55	0.745
0.833333333333	1.0	0.5	0.67	0.82
0.857777777778	0.0	0.0	0.0	0.46
0.9925	1.0	0.6	0.75	0.85
0.935606060606	1.0	0.33	0.5	0.73
0.963455149502	1.0	0.57	0.73	0.85
0.85049833887	1.0	0.71	0.83	0.905
0.932400932401	1.0	0.18	0.31	0.605
0.912878787879	0.5	0.5	0.5	0.715
0.995555555556	1.0	0.4	0.57	0.77
0.937777777778	0.5	0.4	0.44	0.695
0.964285714286	1.0	0.5	0.67	0.81
0.777173913043	0.5	0.25	0.33	0.645
0.869047619048	0.56	0.62	0.59	0.755
0.977777777778	0.75	0.6	0.67	0.82
0.897009966777	1.0	0.14	0.25	0.59
0.840531561462	0.75	0.43	0.55	0.745
0.943181818182	1.0	0.5	0.67	0.82
0.989583333333	0.5	0.5	0.5	0.74
1.0	1.0	1.0	1.0	1.0
0.896739130435	0.5	0.5	0.5	0.73
0.936877076412	0.67	0.57	0.62	0.78
0.990033222591	1.0	0.71	0.83	0.905
0.896739130435	0.5	0.5	0.5	0.73
0.844696969697	0.17	0.17	0.17	0.53
0.87	0.6	0.3	0.4	0.645
0.567375886525	0.0	0.0	0.0	0.48
0.947916666667	1.0	0.5	0.67	0.83
0.945652173913	0.5	0.5	0.5	0.73
0.928888888889	0.43	0.6	0.5	0.715
0.986710963455	1.0	0.29	0.44	0.695
0.943089430894	0.86	0.67	0.75	0.85
0.92	0.67	0.4	0.5	0.73
0.955357142857	0.83	0.62	0.71	0.83
0.924242424242	0.67	0.33	0.44	0.695
0.946666666667	1.0	0.4	0.57	0.77
0.784090909091	0.5	0.5	0.5	0.715
0.946843853821	0.75	0.43	0.55	0.745
0.863787375415	0.71	0.71	0.71	0.83
0.977272727273	0.67	0.67	0.67	0.81
0.97920997921	1.0	0.69	0.82	0.885
0.88	0.33	0.4	0.36	0.64
0.964539007092	0.5	0.33	0.4	0.685
0.687943262411	0.5	0.33	0.4	0.685
0.91683991684	0.75	0.23	0.35	0.61
0.940217391304	0.67	0.5	0.57	0.77
0.879432624113	0.0	0.0	0.0	0.475
0.920454545455	0.33	0.17	0.22	0.57
0.931547619048	1.0	0.5	0.67	0.81
0.95652173913	0.33	0.25	0.29	0.62
0.96	0.75	0.6	0.67	0.82
0.853820598007	1.0	0.29	0.44	0.695
0.870431893688	0.86	0.86	0.86	0.92
0.943262411348	0.67	0.67	0.67	0.825
0.910714285714	0.67	0.5	0.57	0.75
0.755555555556	1.0	0.4	0.57	0.77
0.961956521739	0.33	0.25	0.29	0.62
0.989583333333	0.5	1.0	0.67	0.825
0.980066445183	0.8	0.57	0.67	0.81
0.978070175439	0.89	0.67	0.76	0.85
0.980066445183	1.0	0.86	0.92	0.955
0.862222222222	0.67	0.4	0.5	0.73
0.813008130081	0.43	0.33	0.38	0.63
0.970238095238	0.8	0.5	0.62	0.78
0.834688346883	0.5	0.22	0.31	0.605
0.978260869565	1.0	0.5	0.67	0.825
0.9375	0.5	0.5	0.5	0.74
0.943181818182	1.0	0.67	0.8	0.89
0.967479674797	1.0	0.22	0.36	0.64
0.989130434783	1.0	0.75	0.86	0.925
0.833333333333	0.6	0.38	0.46	0.69
0.915555555556	0.25	0.2	0.22	0.57
0.943521594684	0.6	0.43	0.5	0.715
0.853260869565	0.0	0.0	0.0	0.475
0.967261904762	0.86	0.75	0.8	0.88
0.911111111111	0.5	0.4	0.44	0.695
0.924444444444	0.33	0.2	0.25	0.59
0.924242424242	0.5	0.33	0.4	0.665
0.90365448505	0.5	0.29	0.36	0.64
0.957446808511	0.4	0.67	0.5	0.73
0.979166666667	0.33	0.5	0.4	0.685
0.995555555556	1.0	0.8	0.89	0.94
0.813596491228	0.67	0.17	0.27	0.57
0.934959349593	0.67	0.67	0.67	0.8
0.91369047619	0.67	0.25	0.36	0.64
0.965034965035	0.75	0.27	0.4	0.645
0.964285714286	0.86	0.75	0.8	0.88
0.977272727273	0.6	0.5	0.55	0.745
0.867424242424	1.0	0.67	0.8	0.89
0.935606060606	1.0	0.33	0.5	0.73
0.982222222222	1.0	0.4	0.57	0.77
0.964539007092	1.0	0.67	0.8	0.895
0.967391304348	0.5	0.5	0.5	0.73
0.988636363636	1.0	0.67	0.8	0.89
0.985815602837	0.5	0.67	0.57	0.77
0.951111111111	1.0	0.4	0.57	0.77
0.955555555556	0.67	0.4	0.5	0.73
0.940199335548	1.0	0.43	0.6	0.78
0.989583333333	1.0	0.5	0.67	0.83
0.940476190476	0.75	0.38	0.5	0.715
0.979166666667	0.67	1.0	0.8	0.895
0.958333333333	0.33	0.5	0.4	0.685
0.671111111111	0.5	0.2	0.29	0.62
0.995555555556	0.8	0.8	0.8	0.89
0.936877076412	0.83	0.71	0.77	0.87
0.85119047619	0.83	0.62	0.71	0.83
0.976744186047	1.0	0.57	0.73	0.85
0.931818181818	0.6	0.5	0.55	0.745
0.924444444444	1.0	0.2	0.33	0.645
0.965909090909	0.83	0.83	0.83	0.905
0.940199335548	0.8	0.57	0.67	0.81
0.810631229236	0.5	0.29	0.36	0.64
0.940476190476	0.67	0.25	0.36	0.64
0.94696969697	0.75	0.5	0.6	0.78
0.97342192691	0.75	0.43	0.55	0.745
0.977272727273	1.0	0.5	0.67	0.82
0.95652173913	0.57	1.0	0.73	0.85
0.840531561462	0.6	0.43	0.5	0.715
0.946428571429	0.67	0.75	0.71	0.825
1.0	0.0	0.0	0.0	0.49
0.902222222222	0.4	0.4	0.4	0.665
0.966777408638	0.86	0.86	0.86	0.92
0.871212121212	0.43	0.5	0.46	0.69
0.968888888889	0.67	0.4	0.5	0.73
0.888888888889	0.75	0.33	0.46	0.69
0.888888888889	0.4	0.4	0.4	0.665
0.8125	0.67	0.5	0.57	0.75
0.885869565217	0.33	0.5	0.4	0.665
0.955555555556	0.67	0.4	0.5	0.73
0.984848484848	0.75	0.5	0.6	0.78
0.942222222222	0.5	0.4	0.44	0.695
0.962121212121	0.6	0.5	0.55	0.745
0.970099667774	0.75	0.86	0.8	0.88
0.932400932401	1.0	0.36	0.53	0.725
0.662878787879	0.5	0.33	0.4	0.665
0.867109634551	1.0	0.29	0.44	0.695
0.782608695652	0.75	0.75	0.75	0.865
0.918699186992	0.75	0.33	0.46	0.69
0.913621262458	0.67	0.29	0.4	0.665
0.906976744186	0.67	0.29	0.4	0.665
0.975609756098	1.0	0.56	0.71	0.83
0.97342192691	0.71	0.71	0.71	0.83
0.961956521739	1.0	0.5	0.67	0.825
0.983388704319	0.83	0.71	0.77	0.87
0.977777777778	0.0	0.0	0.0	0.47
0.965909090909	0.75	0.5	0.6	0.78
0.910714285714	1.0	0.62	0.77	0.87
0.971631205674	0.5	0.67	0.57	0.77
0.915555555556	0.5	0.4	0.44	0.695
0.89880952381	0.86	0.43	0.57	0.73
0.913621262458	0.5	0.43	0.46	0.69
0.869463869464	1.0	0.45	0.62	0.775
0.851063829787	0.33	0.33	0.33	0.645
0.983388704319	1.0	0.71	0.83	0.905
0.937777777778	0.75	0.6	0.67	0.82
0.862222222222	0.0	0.0	0.0	0.46
1.0	1.0	1.0	1.0	1.0
0.950166112957	0.75	0.43	0.55	0.745
0.966777408638	0.75	0.86	0.8	0.88
0.988636363636	0.86	1.0	0.92	0.955
0.840531561462	0.75	0.43	0.55	0.745
0.966777408638	1.0	0.57	0.73	0.85
0.943089430894	1.0	0.56	0.71	0.83
0.939393939394	0.75	0.5	0.6	0.78
0.962059620596	0.62	0.56	0.59	0.755
0.902173913043	0.75	0.75	0.75	0.865
0.979166666667	1.0	0.62	0.77	0.87
1.0	1.0	1.0	1.0	1.0
0.985815602837	1.0	0.67	0.8	0.895
0.943866943867	0.86	0.46	0.6	0.75
0.934959349593	0.75	0.67	0.71	0.825
0.913621262458	0.71	0.71	0.71	0.83
0.766937669377	0.5	0.22	0.31	0.605
0.97619047619	1.0	0.25	0.4	0.665
0.920454545455	0.6	0.5	0.55	0.745
0.991071428571	1.0	0.5	0.67	0.81
0.860465116279	0.67	0.57	0.62	0.78
0.977777777778	1.0	0.6	0.75	0.865
1.0	0.67	1.0	0.8	0.895
0.978723404255	0.5	0.33	0.4	0.685
0.934782608696	0.67	0.5	0.57	0.77
0.992424242424	1.0	0.83	0.91	0.95
0.90365448505	0.57	0.57	0.57	0.75
0.978260869565	0.67	0.5	0.57	0.77
0.965909090909	0.5	0.33	0.4	0.665
0.973333333333	0.67	0.8	0.73	0.85
0.8	0.75	0.6	0.67	0.82
0.950354609929	0.67	0.67	0.67	0.825
0.92	0.6	0.6	0.6	0.78
0.926910299003	0.5	0.43	0.46	0.69
0.961956521739	0.33	0.25	0.29	0.62
0.813333333333	1.0	0.4	0.57	0.77
0.856060606061	0.4	0.33	0.36	0.64
0.910569105691	0.71	0.56	0.63	0.78
0.916666666667	1.0	0.5	0.67	0.82
0.986449864499	0.86	0.67	0.75	0.85
0.795454545455	1.0	0.5	0.67	0.82
0.9375	0.33	0.5	0.4	0.685
0.95337995338	0.86	0.55	0.67	0.8
0.991071428571	1.0	0.62	0.77	0.87
0.928888888889	1.0	0.4	0.57	0.77
0.829545454545	0.5	0.17	0.25	0.59
0.858156028369	0.5	0.33	0.4	0.685
0.94696969697	1.0	0.5	0.67	0.82
0.989130434783	1.0	0.5	0.67	0.825
0.937777777778	1.0	0.4	0.57	0.77
0.986666666667	0.67	0.4	0.5	0.73
1.0	1.0	1.0	1.0	1.0
0.967391304348	1.0	0.25	0.4	0.685
0.973214285714	0.83	0.62	0.71	0.83
0.797342192691	0.67	0.29	0.4	0.665
0.925595238095	0.8	0.5	0.62	0.78
0.882575757576	1.0	0.17	0.29	0.62
0.976744186047	0.8	0.57	0.67	0.81
0.921985815603	1.0	0.67	0.8	0.895
0.95652173913	1.0	0.5	0.67	0.825
0.82196969697	0.6	0.5	0.55	0.745
0.983388704319	1.0	0.57	0.73	0.85
0.979166666667	0.33	0.5	0.4	0.685
0.979166666667	0.86	0.75	0.8	0.88
0.945652173913	0.75	0.75	0.75	0.865
0.847176079734	1.0	0.29	0.44	0.695
0.907608695652	0.67	0.5	0.57	0.77
0.888888888889	1.0	0.2	0.33	0.645
0.946666666667	0.5	0.4	0.44	0.695
0.857777777778	0.5	0.2	0.29	0.62
0.834688346883	0.67	0.44	0.53	0.725
0.831111111111	1.0	0.2	0.33	0.645
0.871212121212	0.75	0.5	0.6	0.78
0.933333333333	0.6	0.6	0.6	0.78
0.666666666667	0.5	0.2	0.29	0.62
1.0	1.0	0.5	0.67	0.83
0.760416666667	0.0	0.0	0.0	0.485
0.878048780488	1.0	0.22	0.36	0.64
0.799242424242	0.75	0.5	0.6	0.78
0.916943521595	0.5	0.14	0.22	0.57
0.867208672087	0.4	0.22	0.29	0.585
0.866666666667	0.33	0.2	0.25	0.59
0.857142857143	0.75	0.38	0.5	0.715
0.966777408638	0.67	0.57	0.62	0.78
0.942222222222	0.67	0.4	0.5	0.73
0.985446985447	0.9	0.69	0.78	0.86
0.962059620596	0.83	0.56	0.67	0.805
0.829268292683	0.67	0.44	0.53	0.725
0.784090909091	1.0	0.5	0.67	0.82
0.973333333333	0.6	0.6	0.6	0.78
0.936877076412	0.5	0.29	0.36	0.64
0.946428571429	0.67	0.5	0.57	0.75
0.97342192691	0.71	0.71	0.71	0.83
0.914893617021	1.0	0.33	0.5	0.74
0.955555555556	0.75	0.6	0.67	0.82
0.755434782609	1.0	0.25	0.4	0.685
0.969696969697	0.6	0.5	0.55	0.745
0.85119047619	1.0	0.5	0.67	0.81
0.937669376694	0.75	0.67	0.71	0.825
0.926829268293	1.0	0.44	0.62	0.78
0.946666666667	0.6	0.6	0.6	0.78
0.929347826087	0.5	0.5	0.5	0.73
1.0	1.0	0.71	0.83	0.905
1.0	1.0	0.5	0.67	0.83
0.991869918699	1.0	0.44	0.62	0.78
0.964285714286	0.86	0.75	0.8	0.88
0.901785714286	0.75	0.38	0.5	0.715
0.981060606061	1.0	0.33	0.5	0.73
0.985815602837	0.75	1.0	0.86	0.925
0.988636363636	0.75	0.5	0.6	0.78
0.840108401084	0.75	0.67	0.71	0.825
0.975609756098	1.0	0.44	0.62	0.78
0.941724941725	0.8	0.73	0.76	0.85
0.990033222591	0.8	0.57	0.67	0.81
0.945652173913	1.0	0.25	0.4	0.685
0.853260869565	0.17	0.25	0.2	0.555
0.827380952381	0.67	0.25	0.36	0.64
0.920745920746	0.58	0.64	0.61	0.745
0.94696969697	0.6	0.5	0.55	0.745
0.926910299003	0.0	0.0	0.0	0.455
0.983695652174	1.0	0.75	0.86	0.925
0.955357142857	0.71	0.62	0.67	0.805
0.950757575758	0.4	0.33	0.36	0.64
0.986449864499	0.89	0.89	0.89	0.935
0.821428571429	0.75	0.38	0.5	0.715
0.983388704319	0.8	0.57	0.67	0.81
0.944055944056	0.83	0.45	0.59	0.755
0.973333333333	0.67	0.8	0.73	0.85
0.737127371274	1.0	0.11	0.2	0.555
0.701086956522	0.33	0.25	0.29	0.62
0.915555555556	0.67	0.4	0.5	0.73
0.880434782609	0.0	0.0	0.0	0.47
0.9775	1.0	0.6	0.75	0.85
0.840909090909	0.8	0.67	0.73	0.85
0.938775510204	0.0	0.0	0.0	0.48
0.936877076412	0.6	0.43	0.5	0.715
0.857142857143	0.75	0.43	0.55	0.745
0.952380952381	1.0	0.62	0.77	0.87
0.981060606061	1.0	0.5	0.67	0.82
0.886524822695	1.0	0.67	0.8	0.895
0.910299003322	0.67	0.29	0.4	0.665
0.958333333333	0.67	0.5	0.57	0.75
0.985119047619	0.88	0.88	0.88	0.93
0.907859078591	0.71	0.56	0.63	0.78
0.878048780488	0.5	0.11	0.18	0.54
0.923913043478	0.0	0.0	0.0	0.475
0.977777777778	0.57	0.8	0.67	0.81
0.764444444444	0.5	0.4	0.44	0.695
0.949404761905	0.71	0.62	0.67	0.805
0.910569105691	0.5	0.22	0.31	0.605
0.92803030303	0.43	0.5	0.46	0.69
0.978319783198	1.0	0.56	0.71	0.83
0.899766899767	0.8	0.36	0.5	0.7
0.970238095238	1.0	0.38	0.55	0.745
0.945	0.78	0.7	0.74	0.84
0.822222222222	1.0	0.8	0.89	0.94
0.78125	0.0	0.0	0.0	0.485
0.786666666667	0.67	0.4	0.5	0.73
0.951086956522	0.4	0.5	0.44	0.695
0.994565217391	0.75	0.75	0.75	0.865
0.932249322493	0.5	0.33	0.4	0.645
0.970099667774	1.0	0.71	0.83	0.905
0.916666666667	0.6	0.5	0.55	0.745
0.929078014184	0.0	0.0	0.0	0.485
0.949404761905	0.5	0.25	0.33	0.62
0.973484848485	0.71	0.83	0.77	0.87
0.818181818182	1.0	0.33	0.5	0.73
0.969696969697	0.67	0.67	0.67	0.81
0.943521594684	0.8	0.57	0.67	0.81
0.933554817276	0.8	0.57	0.67	0.81
0.956639566396	1.0	0.56	0.71	0.83
0.720930232558	0.67	0.29	0.4	0.665
0.84375	0.0	0.0	0.0	0.485
0.983695652174	0.67	0.5	0.57	0.77
0.897727272727	1.0	0.33	0.5	0.73
0.9775	0.89	0.8	0.84	0.9
0.967391304348	0.5	0.5	0.5	0.73
0.80303030303	0.5	0.17	0.25	0.59
0.858156028369	0.25	0.33	0.29	0.62
0.8073089701	0.33	0.14	0.2	0.555
0.940217391304	0.67	0.5	0.57	0.77
0.757475083056	1.0	0.43	0.6	0.78
0.97342192691	0.75	0.43	0.55	0.745
1.0	1.0	0.25	0.4	0.685
0.818181818182	0.0	0.0	0.0	0.47
0.891304347826	1.0	0.5	0.67	0.825
0.982142857143	0.83	0.62	0.71	0.83
0.969696969697	0.8	0.67	0.73	0.85
0.95	0.78	0.7	0.74	0.84
0.920997920998	0.89	0.62	0.73	0.825
0.978319783198	1.0	0.44	0.62	0.78
0.945799457995	0.83	0.56	0.67	0.805
0.971631205674	0.5	0.33	0.4	0.685
0.862222222222	0.0	0.0	0.0	0.47
0.872628726287	0.83	0.56	0.67	0.805
0.916943521595	0.8	0.57	0.67	0.81
0.888888888889	0.25	0.2	0.22	0.57
0.973484848485	0.83	0.83	0.83	0.905
0.85049833887	0.8	0.57	0.67	0.81
0.950757575758	0.8	0.67	0.73	0.85
0.989130434783	0.75	0.75	0.75	0.865
0.9375	0.67	0.5	0.57	0.75
0.978723404255	0.5	0.67	0.57	0.77
0.803571428571	0.5	0.25	0.33	0.62
0.925595238095	1.0	0.62	0.77	0.87
0.929078014184	0.5	0.67	0.57	0.77
0.991071428571	1.0	0.5	0.67	0.81
0.964285714286	1.0	0.62	0.77	0.87
0.833333333333	0.33	0.17	0.22	0.57
0.96	0.5	0.2	0.29	0.62
1.0	1.0	0.25	0.4	0.685
0.951111111111	1.0	0.4	0.57	0.77
0.940217391304	0.25	0.25	0.25	0.59
1.0	0.75	1.0	0.86	0.925
0.946843853821	1.0	0.43	0.6	0.78
0.910299003322	0.67	0.29	0.4	0.665
0.875	0.5	0.5	0.5	0.74
0.949404761905	0.83	0.62	0.71	0.83
0.907608695652	0.5	0.5	0.5	0.73
0.943181818182	1.0	0.67	0.8	0.89
0.973484848485	1.0	0.5	0.67	0.82
0.956639566396	0.71	0.56	0.63	0.78
0.986449864499	0.83	0.56	0.67	0.805
0.899766899767	1.0	0.18	0.31	0.605
0.905303030303	0.5	0.5	0.5	0.715
0.964444444444	0.67	0.4	0.5	0.73
0.764444444444	0.25	0.2	0.22	0.57
0.913043478261	0.5	0.25	0.33	0.645
0.891598915989	0.5	0.11	0.18	0.54
0.989583333333	0.5	0.5	0.5	0.74
0.767543859649	0.6	0.25	0.35	0.61
0.945652173913	0.67	0.5	0.57	0.77
0.915555555556	0.0	0.0	0.0	0.47
0.996677740864	0.86	0.86	0.86	0.92
0.989130434783	0.6	0.75	0.67	0.82
0.900709219858	0.33	0.67	0.44	0.695
0.982222222222	0.67	0.8	0.73	0.85
0.916666666667	0.75	0.5	0.6	0.78
0.94696969697	0.57	0.67	0.62	0.78
0.950166112957	0.8	0.57	0.67	0.81
0.988095238095	0.89	1.0	0.94	0.965
0.969696969697	0.67	0.33	0.44	0.695
0.968888888889	1.0	0.4	0.57	0.77
0.977777777778	1.0	0.4	0.57	0.77
0.951111111111	0.6	0.6	0.6	0.78
0.967391304348	0.5	0.75	0.6	0.78
0.742222222222	0.5	0.2	0.29	0.62
0.929824561404	0.86	0.5	0.63	0.77
0.955555555556	0.6	0.6	0.6	0.78
0.942222222222	0.67	0.4	0.5	0.73
0.905303030303	1.0	0.17	0.29	0.62
0.880758807588	0.71	0.56	0.63	0.78
0.953929539295	1.0	0.56	0.71	0.83
0.913621262458	0.67	0.57	0.62	0.78
0.818181818182	0.5	0.33	0.4	0.665
0.733333333333	1.0	0.2	0.33	0.645
0.799242424242	0.67	0.33	0.44	0.695
0.978723404255	0.67	0.67	0.67	0.825
0.996212121212	1.0	0.5	0.67	0.82
0.905	0.75	0.3	0.43	0.67
0.91847826087	0.5	0.75	0.6	0.78
0.983739837398	1.0	0.56	0.71	0.83
0.970099667774	0.71	0.71	0.71	0.83
0.961956521739	0.67	0.5	0.57	0.77
0.939393939394	0.75	0.5	0.6	0.78
0.916943521595	0.75	0.43	0.55	0.745
0.9375	1.0	0.5	0.67	0.83
0.933554817276	0.57	0.57	0.57	0.75
0.929078014184	0.43	1.0	0.6	0.78
0.963455149502	0.5	0.29	0.36	0.64
0.941724941725	0.8	0.36	0.5	0.7
0.986710963455	1.0	0.43	0.6	0.78
0.907859078591	0.57	0.44	0.5	0.7
0.905	0.75	0.3	0.43	0.67
0.823848238482	0.0	0.0	0.0	0.44
0.924242424242	0.5	0.33	0.4	0.665
0.986710963455	0.86	0.86	0.86	0.92
0.970099667774	0.86	0.86	0.86	0.92
0.695035460993	0.0	0.0	0.0	0.48
0.945799457995	1.0	0.11	0.2	0.555
0.954545454545	0.67	0.33	0.44	0.695
0.950757575758	0.6	0.5	0.55	0.745
0.970238095238	0.75	0.75	0.75	0.85
0.864130434783	0.0	0.0	0.0	0.47
0.927631578947	0.83	0.42	0.56	0.73
0.770764119601	0.6	0.43	0.5	0.715
0.967365967366	0.86	0.55	0.67	0.8
0.959349593496	0.8	0.44	0.57	0.75
0.88344988345	0.86	0.55	0.67	0.8
0.983739837398	0.89	0.89	0.89	0.935
0.924444444444	1.0	0.4	0.57	0.77
0.933554817276	0.8	0.57	0.67	0.81
0.86524822695	0.4	0.67	0.5	0.73
0.799242424242	0.33	0.17	0.22	0.57
0.948509485095	1.0	0.44	0.62	0.78
0.924242424242	0.67	0.33	0.44	0.695
0.994565217391	1.0	0.75	0.86	0.925
0.896739130435	0.4	0.5	0.44	0.695
0.992907801418	0.75	1.0	0.86	0.925
0.724444444444	0.25	0.2	0.22	0.57
0.848888888889	0.25	0.2	0.22	0.57
0.98	0.88	0.7	0.78	0.865
0.946666666667	0.67	0.4	0.5	0.73
0.834688346883	0.67	0.44	0.53	0.725
0.993355481728	0.75	0.86	0.8	0.88
0.93023255814	0.56	0.71	0.63	0.78
0.923588039867	0.8	0.57	0.67	0.81
0.991111111111	0.8	0.8	0.8	0.89
0.943452380952	0.8	0.5	0.62	0.78
0.636363636364	0.67	0.33	0.44	0.695
0.951111111111	0.6	0.6	0.6	0.78
0.960132890365	0.75	0.43	0.55	0.745
0.953488372093	1.0	0.71	0.83	0.905
0.950354609929	1.0	0.67	0.8	0.895
0.973333333333	0.6	0.6	0.6	0.78
0.946428571429	0.8	0.5	0.62	0.78
0.836956521739	0.33	0.25	0.29	0.62
0.795555555556	1.0	0.4	0.57	0.77
0.954545454545	0.8	0.67	0.73	0.85
0.980066445183	1.0	0.57	0.73	0.85
0.945652173913	0.5	0.25	0.33	0.645
0.872628726287	1.0	0.44	0.62	0.78
0.986710963455	0.8	0.57	0.67	0.81
0.984848484848	0.83	0.83	0.83	0.905
0.963455149502	0.6	0.43	0.5	0.715
0.985815602837	0.6	1.0	0.75	0.865
0.907608695652	0.4	0.5	0.44	0.695
0.92	0.4	0.4	0.4	0.665
